279104797
380231758
390305489
508762627
534937763
550801627
573215138
575001464
638286465
698038181
707476106
735547648
748585747
755657769
773472969
796462356
803256572
813560581
819849517
829540367
895252374
958673641
971709616
975541604
986988640
990402547
1002664626
1017302540
1031331619
1034576642
1036651502
1076794512
1088676527
1093759691
1112133057
1117833216
1124898325
1132065096
1154420519
1155395962
1165054451
1172897160
1230801164
1262284104
1329060011
1338619216
1351533048
1351966329
1370401614
1377151184
1379059402
1396399195
1408287872
1437896052
1443488021
1451219784
1455275830
1465481191
1472798023
1478009238
1523263266
1533093206
1549609253
1562792211
1562935405
1615678166
1633941867
1658994008
1669233254
1713278371
1749530993
1759813369
1763795639
1764109073
1765516811
1793977719
1858541098
1866690500
1891597793
1899091374
1922317692
1940325026
1957971832
1979804942
1991522624
1992918580
2001363722
2111762358
2136124043
5033774237
5034844486
5089674179
5106870104
5133740104
5208356283
5224876879
5232142502
5246815517
5260840443
5302905742
5382434054
5392350348
5392720959
5491214422
5493533802
5529115497
5539452192
5576845141
5606798420
5636594883
5652975579
5719825336
5744259355
5745723225
5755483557
5763035159
5769265951
5781691069
5785483456
5809541138
5845398884
5903524538
5919877712
5936829849
6036933236
6093349648
6116163821
6139759254
6155612776
6157170023
6209548622
6211366406
6221524623
6250157913
6353540674
6390379198
6403142441
6403462733
6474527080
6481685531
6543610274
6554042340
6579244596
6595635309
6603462051
6612950152
6648207712
6678266135
6699459209
6739505842
6749889576
6777533499
6801530755
6812351886
6816484567
6817319248
6850407497
6855905398
6896472255
6899191648
6969780704
6991688781
6993019658
7000925613
7025783439
7054249232
7076806302
7098324238
7156870585
7188626962
7196132970
7197514323
7236115011
7244134908
7265382247
7284219982
7288081009
7302962177
7343703445
7420956726
7421001546
7422086631
7473323779
7501925066
7506073515
7518266899
7521720923
7521932067
7552474708
7583149154
7601693753
7659491015
7730330257
7731951907
7766353910
7782371694
7881936096
7936062225
7942196715
7965786027
7987500502
8021883580
8025153104
8102205561
8108865484
8155458146
8157206172
8174762994
8184094796
8196672650
8227473949
8243313670
8272348533
8312242776
8320924393
8387231301
8434699054
8485003857
8512604416
8574203348
8669811988
8742620429
9420150766
917292016003
